%YAML:1.0
LeftMat: !!opencv-matrix
   rows: 3
   cols: 3
   dt: d
   data: [ 3.3788724271845012e+002, 0., 1.5644397994497993e+002, 0.,
       3.2671375310318098e+002, 1.1371878412057029e+002, 0., 0., 1. ]
RightMat: !!opencv-matrix
   rows: 3
   cols: 3
   dt: d
   data: [ 3.3788724271845012e+002, 0., 1.5957715380613709e+002, 0.,
       3.2671375310318098e+002, 1.0984751968581300e+002, 0., 0., 1. ]
LeftDist: !!opencv-matrix
   rows: 1
   cols: 5
   dt: d
   data: [ 2.3766801748058083e-001, -1.6266685049504239e+000, 0., 0.,
       3.3695613016633361e+000 ]
RightDist: !!opencv-matrix
   rows: 1
   cols: 5
   dt: d
   data: [ 2.5323590684461256e-001, -1.6701721058772365e+000, 0., 0.,
       3.3126426809560616e+000 ]
RotationVec: !!opencv-matrix
   rows: 3
   cols: 3
   dt: d
   data: [ 9.9858383737765544e-001, 4.6038939369500388e-003,
       5.3001168748751208e-002, -4.2287322373602476e-003,
       9.9996522222669859e-001, -7.1883350488112421e-003,
       -5.3032419818267749e-002, 6.9540274464926152e-003,
       9.9856857749004524e-001 ]
TranslationVec: !!opencv-matrix
   rows: 3
   cols: 1
   dt: d
   data: [ -1.8282512901286432e+000, -2.0371512054711844e-002,
       -9.1113732306937617e-002 ]
E: !!opencv-matrix
   rows: 3
   cols: 3
   dt: d
   data: [ 6.9505500254582182e-004, 9.0968899520255775e-002,
       -2.0997307849164881e-002, -1.8794129039625407e-001,
       1.2294231690899320e-002, 1.8208051557767708e+000,
       2.8073847849341776e-002, -1.8280939193389019e+000,
       1.4221796774945098e-002 ]
F: !!opencv-matrix
   rows: 3
   cols: 3
   dt: d
   data: [ 2.7010441743642266e-007, 3.6560306898292684e-005,
       -6.9569206911461396e-003, -7.5533410780881299e-005,
       5.1100207462230668e-006, 2.5849467198282922e-001,
       1.1940317765188540e-002, -2.5464433158078442e-001, 1. ]
R1: !!opencv-matrix
   rows: 3
   cols: 3
   dt: d
   data: [ 9.9459773429451992e-001, 1.6071749970805075e-002,
       1.0255264886429598e-001, -1.5698855056045718e-002,
       9.9986689729813649e-001, -4.4422558826538588e-003,
       -1.0261039365550124e-001, 2.8082984659099034e-003,
       9.9471765872210660e-001 ]
R2: !!opencv-matrix
   rows: 3
   cols: 3
   dt: d
   data: [ 9.9869862503927798e-001, 1.1128120728732090e-002,
       4.9771691489265912e-002, -1.1308786531735861e-002,
       9.9993044283197297e-001, 3.3497529810598997e-003,
       -4.9730953055773346e-002, -3.9082511307812597e-003,
       9.9875500393302818e-001 ]
P1: !!opencv-matrix
   rows: 3
   cols: 4
   dt: d
   data: [ 3.2671375310318098e+002, 0., 1.2779145526885986e+002, 0., 0.,
       3.2671375310318098e+002, 1.1264196491241455e+002, 0., 0., 0., 1.,
       0. ]
P2: !!opencv-matrix
   rows: 3
   cols: 4
   dt: d
   data: [ 3.2671375310318098e+002, 0., 1.2779145526885986e+002,
       -5.9809318410763808e+002, 0., 3.2671375310318098e+002,
       1.1264196491241455e+002, 0., 0., 0., 1., 0. ]
Q: !!opencv-matrix
   rows: 4
   cols: 4
   dt: d
   data: [ 1., 0., 0., -1.2779145526885986e+002, 0., 1., 0.,
       -1.1264196491241455e+002, 0., 0., 0., 3.2671375310318098e+002, 0.,
       0., 5.4625894724187785e-001, 0. ]
