%YAML:1.0
LeftMat: !!opencv-matrix
   rows: 3
   cols: 3
   dt: d
   data: [ 3.1517808742134787e+002, 0., 1.5672906241794914e+002, 0.,
       3.2681813096934007e+002, 1.1442968473606760e+002, 0., 0., 1. ]
RightMat: !!opencv-matrix
   rows: 3
   cols: 3
   dt: d
   data: [ 3.1517808742134787e+002, 0., 1.6113819399060671e+002, 0.,
       3.2681813096934007e+002, 1.1333430422771140e+002, 0., 0., 1. ]
LeftDist: !!opencv-matrix
   rows: 1
   cols: 5
   dt: d
   data: [ 1.5653368332910744e-001, -1.3159785086391873e+000, 0., 0.,
       2.3499221545558608e+000 ]
RightDist: !!opencv-matrix
   rows: 1
   cols: 5
   dt: d
   data: [ 2.7680921128372399e-001, -2.1833470838280724e+000, 0., 0.,
       4.1393622481954173e+000 ]
RotationVec: !!opencv-matrix
   rows: 3
   cols: 3
   dt: d
   data: [ 9.9862290823822530e-001, 4.2184985281739510e-003,
       5.2292364758124377e-002, -3.3699357515251053e-003,
       9.9986138822088733e-001, -1.6304842165152232e-002,
       -5.2353898373087057e-002, 1.6106166991799363e-002,
       9.9849870340925961e-001 ]
TranslationVec: !!opencv-matrix
   rows: 3
   cols: 1
   dt: d
   data: [ -1.9013333170322664e+000, -8.0430814052766964e-003,
       3.1558835185199795e-003 ]
E: !!opencv-matrix
   rows: 3
   cols: 3
   dt: d
   data: [ 4.3172179119503173e-004, -3.2849892881328278e-003,
       -7.9795501719228338e-003, -9.6390673675946281e-002,
       3.0636505001171446e-002, 1.8986438804176293e+000,
       1.4439376464767058e-002, -1.9010358401114362e+000,
       3.1421531384180468e-002 ]
F: !!opencv-matrix
   rows: 3
   cols: 3
   dt: d
   data: [ 1.9628373964142247e-007, -1.4403372246953873e-006,
       -1.0093897132648481e-003, -4.2263478882710266e-005,
       1.2954460188120239e-005, 2.6752095404728726e-001,
       6.8273890216407696e-003, -2.6394605705238527e-001, 1. ]
R1: !!opencv-matrix
   rows: 3
   cols: 3
   dt: d
   data: [ 9.9868523970177248e-001, 8.4213239672500349e-003,
       5.0565534748995125e-002, -8.0080877966885577e-003,
       9.9993291013003138e-001, -8.3693350229971514e-003,
       -5.0632623195463036e-002, 7.9533981118298878e-003,
       9.9868567674059527e-001 ]
R2: !!opencv-matrix
   rows: 3
   cols: 3
   dt: d
   data: [ 9.9998967521561843e-001, 4.2301885156825056e-003,
       -1.6598094118674550e-003, -4.2164967351058765e-003,
       9.9995775507830964e-001, 8.1675708769588049e-003,
       1.6942896578735628e-003, -8.1604879675845447e-003,
       9.9996526730616297e-001 ]
P1: !!opencv-matrix
   rows: 3
   cols: 4
   dt: d
   data: [ 3.2681813096934007e+002, 0., 1.4880381202697754e+002, 0., 0.,
       3.2681813096934007e+002, 1.1434831428527832e+002, 0., 0., 0., 1.,
       0. ]
P2: !!opencv-matrix
   rows: 3
   cols: 4
   dt: d
   data: [ 3.2681813096934007e+002, 0., 1.4880381202697754e+002,
       -6.2139661680830500e+002, 0., 3.2681813096934007e+002,
       1.1434831428527832e+002, 0., 0., 0., 1., 0. ]
Q: !!opencv-matrix
   rows: 4
   cols: 4
   dt: d
   data: [ 1., 0., 0., -1.4880381202697754e+002, 0., 1., 0.,
       -1.1434831428527832e+002, 0., 0., 0., 3.2681813096934007e+002, 0.,
       0., 5.2594127829015913e-001, 0. ]
