%YAML:1.0
LeftMat: !!opencv-matrix
   rows: 3
   cols: 3
   dt: d
   data: [ 3.2322426415130633e+002, 0., 1.5302900770926874e+002, 0.,
       3.1330087646138008e+002, 1.0708878266537840e+002, 0., 0., 1. ]
RightMat: !!opencv-matrix
   rows: 3
   cols: 3
   dt: d
   data: [ 3.2322426415130633e+002, 0., 1.5411802357764762e+002, 0.,
       3.1330087646138008e+002, 1.0589262376674887e+002, 0., 0., 1. ]
LeftDist: !!opencv-matrix
   rows: 1
   cols: 5
   dt: d
   data: [ 2.8380411797392097e-001, -1.8972858213342121e+000, 0., 0.,
       3.3202356176062859e+000 ]
RightDist: !!opencv-matrix
   rows: 1
   cols: 5
   dt: d
   data: [ 2.3969180284905084e-001, -1.6037663398365991e+000, 0., 0.,
       2.9896349992666544e+000 ]
RotationVec: !!opencv-matrix
   rows: 3
   cols: 3
   dt: d
   data: [ 9.9998237471245677e-001, 2.7404430783047298e-003,
       -5.2669000531955154e-003, -2.7550422461690258e-003,
       9.9999237775590766e-001, -2.7666174849401864e-003,
       5.2592781498607914e-003, 2.7810792546643704e-003,
       9.9998230263916255e-001 ]
TranslationVec: !!opencv-matrix
   rows: 3
   cols: 1
   dt: d
   data: [ -1.8247126836955943e+000, 4.3712532603445951e-003,
       -1.3632467603893988e-001 ]
E: !!opencv-matrix
   rows: 3
   cols: 3
   dt: d
   data: [ -3.5259060492294763e-004, 1.3633579374074253e-001,
       3.9940176683401973e-003, -1.2672560173019137e-001,
       4.7010805754957186e-003, 1.8253983995402874e+000,
       6.5598431495286422e-004, -1.8247107544608616e+000,
       5.0713049697338024e-003 ]
F: !!opencv-matrix
   rows: 3
   cols: 3
   dt: d
   data: [ -2.8135326092207962e-007, 1.1223632903928504e-004,
       -1.0946059238871056e-002, -1.0432488742126044e-004,
       3.9926717157227181e-006, 5.0125626574502113e-001,
       1.1259789195581916e-002, -5.0325656274320507e-001, 1. ]
R1: !!opencv-matrix
   rows: 3
   cols: 3
   dt: d
   data: [ 9.9759880921983413e-001, 5.5111446292334648e-004,
       6.9255412178529582e-002, -4.5840604519500818e-004,
       9.9999897755486078e-001, -1.3545305942514638e-003,
       -6.9256087870070995e-002, 1.3195310082719668e-003,
       9.9759804186398204e-001 ]
R2: !!opencv-matrix
   rows: 3
   cols: 3
   dt: d
   data: [ 9.9721797521769617e-001, -2.3889198361991188e-003,
       7.4502368853176140e-002, 2.2891764879590022e-003,
       9.9999636571460804e-001, 1.4241589036361880e-003,
       -7.4505500291760132e-002, -1.2496477871964111e-003,
       9.9721981970209683e-001 ]
P1: !!opencv-matrix
   rows: 3
   cols: 4
   dt: d
   data: [ 3.1330087646138008e+002, 0., 1.2653570747375488e+002, 0., 0.,
       3.1330087646138008e+002, 1.0750578689575195e+002, 0., 0., 0., 1.,
       0. ]
P2: !!opencv-matrix
   rows: 3
   cols: 4
   dt: d
   data: [ 3.1330087646138008e+002, 0., 1.2653570747375488e+002,
       -5.7327895936415121e+002, 0., 3.1330087646138008e+002,
       1.0750578689575195e+002, 0., 0., 0., 1., 0. ]
Q: !!opencv-matrix
   rows: 4
   cols: 4
   dt: d
   data: [ 1., 0., 0., -1.2653570747375488e+002, 0., 1., 0.,
       -1.0750578689575195e+002, 0., 0., 0., 3.1330087646138008e+002, 0.,
       0., 5.4650684687412177e-001, 0. ]
