%YAML:1.0
LeftMat: !!opencv-matrix
   rows: 3
   cols: 3
   dt: d
   data: [ 3.0934293468021150e+002, 0., 1.5358811848305402e+002, 0.,
       2.9582665610929382e+002, 1.0413149305536582e+002, 0., 0., 1. ]
RightMat: !!opencv-matrix
   rows: 3
   cols: 3
   dt: d
   data: [ 3.0934293468021150e+002, 0., 1.5627625828510563e+002, 0.,
       2.9582665610929382e+002, 1.0240303870503656e+002, 0., 0., 1. ]
LeftDist: !!opencv-matrix
   rows: 1
   cols: 5
   dt: d
   data: [ -1.0956478478096901e-001, 1.1648985512455945e-001, 0., 0.,
       -1.4545483458023473e-001 ]
RightDist: !!opencv-matrix
   rows: 1
   cols: 5
   dt: d
   data: [ 1.6889546127482034e-002, -5.4967126632378127e-001, 0., 0.,
       6.2853056317506573e-001 ]
RotationVec: !!opencv-matrix
   rows: 3
   cols: 3
   dt: d
   data: [ 9.9997226163906539e-001, 6.2043908744983936e-003,
       -4.1208599016517838e-003, -6.2117129592396741e-003,
       9.9997914697683943e-001, -1.7664182926665736e-003,
       4.1098144197292390e-003, 1.7919668939727271e-003,
       9.9998994908953276e-001 ]
TranslationVec: !!opencv-matrix
   rows: 3
   cols: 1
   dt: d
   data: [ -1.7914622804249685e+000, -2.4876512832924157e-002,
       -4.1113774727509433e-002 ]
E: !!opencv-matrix
   rows: 3
   cols: 3
   dt: d
   data: [ -3.5762481843146210e-004, 4.1068339493578736e-002,
       -2.4948886925080183e-002, -3.3750056786295099e-002,
       2.9551551695868872e-003, 1.7916136987036626e+000,
       3.6003872262537234e-002, -1.7912705794113335e+000,
       3.0619591185387157e-003 ]
F: !!opencv-matrix
   rows: 3
   cols: 3
   dt: d
   data: [ -3.7710923152346470e-007, 4.5284497599597271e-005,
       -1.2795870277420315e-002, -3.7214905310798325e-005,
       3.4074194416755874e-006, 6.1648163584775861e-001,
       1.5614201031791959e-002, -6.1842947195255182e-001, 1. ]
R1: !!opencv-matrix
   rows: 3
   cols: 3
   dt: d
   data: [ 9.9962076537617439e-001, 2.0124137479481979e-002,
       1.8797460452365397e-002, -2.0108345919733425e-002,
       9.9979727750956460e-001, -1.0287413840009728e-003,
       -1.8814352317411097e-002, 6.5036541246050919e-004,
       9.9982278288289994e-001 ]
R2: !!opencv-matrix
   rows: 3
   cols: 3
   dt: d
   data: [ 9.9964043384849044e-001, 1.3881156389764133e-002,
       2.2941589144711411e-002, -1.3900415743127430e-002,
       9.9990315317431833e-001, 6.8023100775046726e-004,
       -2.2929924931626898e-002, -9.9888404662439663e-004,
       9.9973657569046226e-001 ]
P1: !!opencv-matrix
   rows: 3
   cols: 4
   dt: d
   data: [ 2.8101192829240767e+002, 0., 1.4704148292541504e+002, 0., 0.,
       2.8101192829240767e+002, 1.0293285560607910e+002, 0., 0., 0., 1.,
       0. ]
P2: !!opencv-matrix
   rows: 3
   cols: 4
   dt: d
   data: [ 2.8101192829240767e+002, 0., 1.4704148292541504e+002,
       -5.0360334860327896e+002, 0., 2.8101192829240767e+002,
       1.0293285560607910e+002, 0., 0., 0., 1., 0. ]
Q: !!opencv-matrix
   rows: 4
   cols: 4
   dt: d
   data: [ 1., 0., 0., -1.4704148292541504e+002, 0., 1., 0.,
       -1.0293285560607910e+002, 0., 0., 0., 2.8101192829240767e+002, 0.,
       0., 5.5800250151588848e-001, 0. ]
